

 ||||||| 4 |||||||

 ||||||| 1 |||||||

 ||||||| 3 |||||||

 ||||||| 2 |||||||

 ||||||| 7 |||||||

 ||||||| 6 |||||||

 ||||||| 5 |||||||

 ||||||| 0 |||||||

 ||||||| 8 |||||||

 ||||||| 9 |||||||

 ||||||| 11 |||||||

 ||||||| 10 |||||||

 ||||||| 14 |||||||

 ||||||| 12 |||||||

 ||||||| 16 |||||||

 ||||||| 13 |||||||

 ||||||| 15 |||||||

 ||||||| 18 |||||||

 ||||||| 17 |||||||

 ||||||| 19 |||||||

 ||||||| 24 |||||||

 ||||||| 26 |||||||

 ||||||| 20 |||||||

 ||||||| 27 |||||||

 ||||||| 22 |||||||

 ||||||| 21 |||||||

 ||||||| 25 |||||||

 ||||||| 23 |||||||

 ||||||| 28 |||||||

 ||||||| 30 |||||||

 ||||||| 29 |||||||

 ||||||| 32 |||||||

 ||||||| 33 |||||||

 ||||||| 34 |||||||

 ||||||| 35 |||||||

 ||||||| 36 |||||||

 ||||||| 31 |||||||

 ||||||| 37 |||||||

 ||||||| 38 |||||||

 ||||||| 39 |||||||

 ||||||| 40 |||||||

 ||||||| 43 |||||||

 ||||||| 42 |||||||

 ||||||| 41 |||||||

 ||||||| 44 |||||||

 ||||||| 45 |||||||

 ||||||| 46 |||||||

 ||||||| 47 |||||||

 ||||||| 48 |||||||

 ||||||| 49 |||||||

 ||||||| 50 |||||||

 ||||||| 51 |||||||

 ||||||| 54 |||||||

 ||||||| 53 |||||||

 ||||||| 55 |||||||

 ||||||| 56 |||||||

 ||||||| 57 |||||||

 ||||||| 59 |||||||

 ||||||| 52 |||||||

 ||||||| 60 |||||||

 ||||||| 61 |||||||

 ||||||| 58 |||||||

 ||||||| 63 |||||||

 ||||||| 64 |||||||

 ||||||| 65 |||||||

 ||||||| 62 |||||||

 ||||||| 66 |||||||

 ||||||| 68 |||||||

 ||||||| 67 |||||||

 ||||||| 69 |||||||

 ||||||| 70 |||||||

 ||||||| 72 |||||||

 ||||||| 71 |||||||

 ||||||| 76 |||||||

 ||||||| 74 |||||||

 ||||||| 77 |||||||

 ||||||| 75 |||||||

 ||||||| 78 |||||||

 ||||||| 73 |||||||

 ||||||| 79 |||||||

 ||||||| 80 |||||||

 ||||||| 81 |||||||

 ||||||| 84 |||||||

 ||||||| 82 |||||||

 ||||||| 86 |||||||

 ||||||| 87 |||||||

 ||||||| 85 |||||||

 ||||||| 83 |||||||

 ||||||| 88 |||||||

 ||||||| 90 |||||||

 ||||||| 89 |||||||

 ||||||| 91 |||||||

 ||||||| 92 |||||||

 ||||||| 93 |||||||

 ||||||| 94 |||||||

 ||||||| 98 |||||||

 ||||||| 96 |||||||

 ||||||| 99 |||||||

 ||||||| 100 |||||||

 ||||||| 95 |||||||

 ||||||| 97 |||||||

 ||||||| 101 |||||||

 ||||||| 102 |||||||

 ||||||| 105 |||||||

 ||||||| 103 |||||||

 ||||||| 104 |||||||

 ||||||| 107 |||||||

 ||||||| 109 |||||||

 ||||||| 106 |||||||

 ||||||| 108 |||||||

 ||||||| 110 |||||||

 ||||||| 111 |||||||

 ||||||| 113 |||||||

 ||||||| 112 |||||||

 ||||||| 114 |||||||

 ||||||| 116 |||||||

 ||||||| 117 |||||||

 ||||||| 115 |||||||

 ||||||| 118 |||||||

 ||||||| 120 |||||||

 ||||||| 119 |||||||

 ||||||| 122 |||||||

 ||||||| 121 |||||||

 ||||||| 123 |||||||

 ||||||| 125 |||||||

 ||||||| 126 |||||||

 ||||||| 124 |||||||

 ||||||| 128 |||||||

 ||||||| 127 |||||||

 ||||||| 129 |||||||

 ||||||| 131 |||||||

 ||||||| 130 |||||||

 ||||||| 132 |||||||

 ||||||| 134 |||||||

 ||||||| 133 |||||||

 ||||||| 135 |||||||

 ||||||| 137 |||||||

 ||||||| 136 |||||||

 ||||||| 139 |||||||

 ||||||| 138 |||||||

 ||||||| 140 |||||||

 ||||||| 141 |||||||

 ||||||| 142 |||||||

 ||||||| 143 |||||||

 ||||||| 145 |||||||

 ||||||| 144 |||||||

 ||||||| 147 |||||||

 ||||||| 148 |||||||

 ||||||| 149 |||||||

 ||||||| 151 |||||||

 ||||||| 150 |||||||

 ||||||| 146 |||||||

 ||||||| 152 |||||||

 ||||||| 153 |||||||

 ||||||| 154 |||||||

 ||||||| 155 |||||||

 ||||||| 157 |||||||

 ||||||| 156 |||||||

 ||||||| 160 |||||||

 ||||||| 161 |||||||

 ||||||| 159 |||||||

 ||||||| 158 |||||||

 ||||||| 162 |||||||

 ||||||| 163 |||||||

 ||||||| 164 |||||||

 ||||||| 165 |||||||

 ||||||| 166 |||||||

 ||||||| 167 |||||||

 ||||||| 169 |||||||

 ||||||| 170 |||||||

 ||||||| 172 |||||||

 ||||||| 173 |||||||

 ||||||| 171 |||||||

 ||||||| 174 |||||||

 ||||||| 168 |||||||

 ||||||| 175 |||||||

 ||||||| 176 |||||||

 ||||||| 177 |||||||

 ||||||| 179 |||||||

 ||||||| 180 |||||||

 ||||||| 181 |||||||

 ||||||| 182 |||||||

 ||||||| 183 |||||||

 ||||||| 178 |||||||

 ||||||| 186 |||||||

 ||||||| 185 |||||||

 ||||||| 184 |||||||

 ||||||| 188 |||||||

 ||||||| 187 |||||||

 ||||||| 189 |||||||

 ||||||| 190 |||||||

 ||||||| 191 |||||||

 ||||||| 194 |||||||

 ||||||| 192 |||||||

 ||||||| 195 |||||||

 ||||||| 197 |||||||

 ||||||| 198 |||||||

 ||||||| 199 |||||||

 ||||||| 196 |||||||

 ||||||| 193 |||||||

 ||||||| 200 |||||||

 ||||||| 201 |||||||

 ||||||| 202 |||||||

 ||||||| 203 |||||||

 ||||||| 204 |||||||

 ||||||| 205 |||||||

 ||||||| 206 |||||||

 ||||||| 208 |||||||

 ||||||| 210 |||||||

 ||||||| 211 |||||||

 ||||||| 212 |||||||

 ||||||| 213 |||||||

 ||||||| 209 |||||||

 ||||||| 207 |||||||

 ||||||| 214 |||||||

 ||||||| 215 |||||||

 ||||||| 216 |||||||

 ||||||| 217 |||||||

 ||||||| 219 |||||||

 ||||||| 220 |||||||

 ||||||| 222 |||||||

 ||||||| 218 |||||||

 ||||||| 223 |||||||

 ||||||| 224 |||||||

 ||||||| 221 |||||||

 ||||||| 226 |||||||

 ||||||| 227 |||||||

 ||||||| 228 |||||||

 ||||||| 229 |||||||

 ||||||| 225 |||||||

 ||||||| 231 |||||||

 ||||||| 232 |||||||

 ||||||| 234 |||||||

 ||||||| 230 |||||||

 ||||||| 235 |||||||

 ||||||| 233 |||||||

 ||||||| 238 |||||||

 ||||||| 236 |||||||

 ||||||| 237 |||||||

 ||||||| 239 |||||||

 ||||||| 242 |||||||

 ||||||| 243 |||||||

 ||||||| 240 |||||||

 ||||||| 241 |||||||

 ||||||| 244 |||||||

 ||||||| 246 |||||||

 ||||||| 247 |||||||

 ||||||| 249 |||||||

 ||||||| 245 |||||||

 ||||||| 248 |||||||

 ||||||| 251 |||||||

 ||||||| 252 |||||||

 ||||||| 250 |||||||

 ||||||| 253 |||||||

 ||||||| 254 |||||||

 ||||||| 255 |||||||

 ||||||| 258 |||||||

 ||||||| 259 |||||||

 ||||||| 257 |||||||

 ||||||| 256 |||||||

 ||||||| 261 |||||||

 ||||||| 260 |||||||

 ||||||| 263 |||||||

 ||||||| 266 |||||||

 ||||||| 264 |||||||

 ||||||| 262 |||||||

 ||||||| 267 |||||||

 ||||||| 265 |||||||

 ||||||| 268 |||||||

 ||||||| 270 |||||||

 ||||||| 272 |||||||

 ||||||| 274 |||||||

 ||||||| 275 |||||||

 ||||||| 271 |||||||

 ||||||| 269 |||||||

 ||||||| 276 |||||||

 ||||||| 273 |||||||

 ||||||| 277 |||||||

 ||||||| 280 |||||||

 ||||||| 281 |||||||

 ||||||| 279 |||||||

 ||||||| 282 |||||||

 ||||||| 283 |||||||

 ||||||| 284 |||||||

 ||||||| 278 |||||||

 ||||||| 285 |||||||

 ||||||| 286 |||||||

 ||||||| 287 |||||||

 ||||||| 288 |||||||

 ||||||| 290 |||||||

 ||||||| 289 |||||||

 ||||||| 291 |||||||

 ||||||| 294 |||||||

 ||||||| 292 |||||||

 ||||||| 293 |||||||

 ||||||| 296 |||||||

 ||||||| 295 |||||||

 ||||||| 297 |||||||

 ||||||| 299 |||||||

 ||||||| 298 |||||||

 ||||||| 301 |||||||

 ||||||| 304 |||||||

 ||||||| 303 |||||||

 ||||||| 300 |||||||

 ||||||| 302 |||||||

 ||||||| 305 |||||||

 ||||||| 307 |||||||

 ||||||| 306 |||||||

 ||||||| 308 |||||||

 ||||||| 310 |||||||

 ||||||| 309 |||||||

 ||||||| 311 |||||||

 ||||||| 312 |||||||

 ||||||| 313 |||||||

 ||||||| 314 |||||||

 ||||||| 315 |||||||

 ||||||| 316 |||||||

 ||||||| 317 |||||||

 ||||||| 319 |||||||

 ||||||| 320 |||||||

 ||||||| 321 |||||||

 ||||||| 323 |||||||

 ||||||| 318 |||||||

 ||||||| 322 |||||||

 ||||||| 325 |||||||

 ||||||| 324 |||||||

 ||||||| 326 |||||||

 ||||||| 329 |||||||

 ||||||| 328 |||||||

 ||||||| 330 |||||||

 ||||||| 332 |||||||

 ||||||| 327 |||||||

 ||||||| 334 |||||||

 ||||||| 331 |||||||

 ||||||| 333 |||||||

 ||||||| 337 |||||||

 ||||||| 336 |||||||

 ||||||| 339 |||||||

 ||||||| 340 |||||||

 ||||||| 335 |||||||

 ||||||| 341 |||||||

 ||||||| 338 |||||||

 ||||||| 342 |||||||

 ||||||| 343 |||||||

 ||||||| 344 |||||||

 ||||||| 345 |||||||

 ||||||| 346 |||||||

 ||||||| 349 |||||||

 ||||||| 348 |||||||

 ||||||| 351 |||||||

 ||||||| 352 |||||||

 ||||||| 350 |||||||

 ||||||| 347 |||||||

 ||||||| 354 |||||||

 ||||||| 353 |||||||

 ||||||| 356 |||||||

 ||||||| 358 |||||||

 ||||||| 355 |||||||

 ||||||| 359 |||||||

 ||||||| 360 |||||||

 ||||||| 361 |||||||

 ||||||| 357 |||||||

 ||||||| 362 |||||||

 ||||||| 363 |||||||

 ||||||| 364 |||||||

 ||||||| 367 |||||||

 ||||||| 366 |||||||

 ||||||| 370 |||||||

 ||||||| 368 |||||||

 ||||||| 365 |||||||

 ||||||| 369 |||||||

 ||||||| 371 |||||||

 ||||||| 372 |||||||

 ||||||| 373 |||||||

 ||||||| 376 |||||||

 ||||||| 375 |||||||

 ||||||| 374 |||||||

 ||||||| 378 |||||||

 ||||||| 379 |||||||

 ||||||| 377 |||||||

 ||||||| 380 |||||||

 ||||||| 381 |||||||

 ||||||| 385 |||||||

 ||||||| 382 |||||||

 ||||||| 386 |||||||

 ||||||| 383 |||||||

 ||||||| 384 |||||||

 ||||||| 387 |||||||

 ||||||| 388 |||||||

 ||||||| 390 |||||||

 ||||||| 391 |||||||

 ||||||| 392 |||||||

 ||||||| 393 |||||||

 ||||||| 394 |||||||

 ||||||| 396 |||||||

 ||||||| 395 |||||||

 ||||||| 389 |||||||

 ||||||| 398 |||||||

 ||||||| 399 |||||||

 ||||||| 400 |||||||

 ||||||| 401 |||||||

 ||||||| 402 |||||||

 ||||||| 403 |||||||

 ||||||| 404 |||||||

 ||||||| 397 |||||||

 ||||||| 405 |||||||

 ||||||| 406 |||||||

 ||||||| 407 |||||||

 ||||||| 408 |||||||

 ||||||| 411 |||||||

 ||||||| 410 |||||||

 ||||||| 409 |||||||

 ||||||| 412 |||||||

 ||||||| 413 |||||||

 ||||||| 414 |||||||

 ||||||| 415 |||||||

 ||||||| 416 |||||||

 ||||||| 418 |||||||

 ||||||| 419 |||||||

 ||||||| 420 |||||||

 ||||||| 421 |||||||

 ||||||| 422 |||||||

 ||||||| 423 |||||||

 ||||||| 417 |||||||

 ||||||| 425 |||||||

 ||||||| 426 |||||||

 ||||||| 424 |||||||

 ||||||| 427 |||||||

 ||||||| 428 |||||||

 ||||||| 431 |||||||

 ||||||| 429 |||||||

 ||||||| 430 |||||||

 ||||||| 435 |||||||

 ||||||| 433 |||||||

 ||||||| 436 |||||||

 ||||||| 432 |||||||

 ||||||| 434 |||||||

 ||||||| 439 |||||||

 ||||||| 438 |||||||

 ||||||| 437 |||||||

 ||||||| 440 |||||||

 ||||||| 441 |||||||

 ||||||| 442 |||||||

 ||||||| 443 |||||||

 ||||||| 446 |||||||

 ||||||| 444 |||||||

 ||||||| 445 |||||||

 ||||||| 447 |||||||

 ||||||| 448 |||||||

 ||||||| 450 |||||||

 ||||||| 449 |||||||

 ||||||| 451 |||||||

 ||||||| 453 |||||||

 ||||||| 452 |||||||

 ||||||| 455 |||||||

 ||||||| 456 |||||||

 ||||||| 457 |||||||

 ||||||| 454 |||||||

 ||||||| 458 |||||||

 ||||||| 459 |||||||

 ||||||| 460 |||||||

 ||||||| 462 |||||||

 ||||||| 463 |||||||

 ||||||| 461 |||||||

 ||||||| 465 |||||||

 ||||||| 466 |||||||

 ||||||| 468 |||||||

 ||||||| 469 |||||||

 ||||||| 470 |||||||

 ||||||| 471 |||||||

 ||||||| 464 |||||||

 ||||||| 467 |||||||

 ||||||| 472 |||||||

 ||||||| 473 |||||||

 ||||||| 475 |||||||

 ||||||| 476 |||||||

 ||||||| 474 |||||||

 ||||||| 477 |||||||

 ||||||| 478 |||||||

 ||||||| 480 |||||||

 ||||||| 479 |||||||

 ||||||| 481 |||||||

 ||||||| 482 |||||||

 ||||||| 485 |||||||

 ||||||| 486 |||||||

 ||||||| 487 |||||||

 ||||||| 488 |||||||

 ||||||| 484 |||||||

 ||||||| 489 |||||||

 ||||||| 483 |||||||

 ||||||| 490 |||||||

 ||||||| 491 |||||||

 ||||||| 492 |||||||

 ||||||| 493 |||||||

 ||||||| 494 |||||||

 ||||||| 498 |||||||

 ||||||| 497 |||||||

 ||||||| 496 |||||||

 ||||||| 499 |||||||

 ||||||| 495 |||||||

 ||||||| 501 |||||||

 ||||||| 502 |||||||

 ||||||| 500 |||||||

 ||||||| 504 |||||||

 ||||||| 503 |||||||

 ||||||| 508 |||||||

 ||||||| 505 |||||||

 ||||||| 506 |||||||

 ||||||| 509 |||||||

 ||||||| 507 |||||||

 ||||||| 510 |||||||

 ||||||| 511 |||||||